/data/com.android.chrome/cache/Code Cache/js/8b4f9af978e503ab_0
3899.188599
3899.193787
3899.196106
3899.196411
3899.198456
3899.198761
3899.200073
3899.200501
3899.206421
3899.206726
3899.208588
3899.208862
3899.210297
3899.210907
3899.211639
3899.212219
3899.213379
3899.213959
3899.215027
3899.215485
3899.217438
3899.217712
3899.219513
3899.225067
3899.22525
========
/data/com.android.chrome/cache/Code Cache/js/f256300b4d855d8c_0
3920.515533
3920.517181
3920.517304
3920.52002
3920.520508
3920.523193
3920.523682
3920.526611
3920.527832
3920.529114
3920.529816
3920.531433
3920.532043
3920.533966
3920.534454
========
/data/com.android.chrome/cache/Code Cache/js/11744a6aee01b42d_0
217.45578
217.46051
217.462585
217.46286
217.464996
217.465179
217.467804
========
/data/com.android.chrome/cache/Code Cache/js/0c9fa2248d2ce3d4_0
3905.795136
3905.79895
3905.802277
3905.802918
3905.804627
3905.805023
========
/data/com.android.chrome/cache/Code Cache/js/cad5438df588931c_0
3903.266541
3903.271912
3903.274048
3903.274414
========
/data/com.android.chrome/cache/Code Cache/js/886e4bf5f6f749ec_0
3919.848816
3919.877441
3919.884308
========
/data/com.android.chrome/cache/Cache
193.931946
193.931946
193.931976
193.931976
193.932007
193.932007
193.932007
193.933563
193.933929
193.933929
193.93396
193.93396
193.93396
193.933991
193.933991
193.933991
193.934021
193.934021
193.934021
193.934052
193.934052
193.934052
193.934082
193.934082
193.934082
193.934113
193.934113
193.934113
193.934113
193.934143
193.934143
193.934143
193.934174
193.934174
193.934174
193.934204
193.934204
193.934235
193.934235
193.934235
193.934265
193.934265
193.934265
193.934296
193.934296
193.934296
193.934326
193.934326
193.934326
193.934326
193.934357
193.934357
193.939423
193.940155
193.940155
193.940155
193.940186
193.940247
193.943207
========
/data/com.android.chrome/cache/Code Cache/js/567e0e090bfa34e0_0
3899.191498
3899.194641
========
/data/com.android.chrome/cache/Code Cache/js/6e6cc42f94d32387_0
216.544708
216.554962
========
/data/com.android.chrome/cache/Code Cache/js/69dbbd67536c760a_0
3905.744904
3905.751617
========
