/data/com.facebook.katana/cache/graph_store_cache/100002284747093/GraphStore.sqlite3
813.817718
813.817749
813.885834
813.895721
813.896148
813.897064
813.8974
813.897674
813.899505
813.899536
813.902801
813.902832
813.902832
813.902862
813.902893
813.9039
813.90393
813.959564
813.960602
813.960876
814.02829
814.030151
814.030182
814.030182
814.031433
814.032043
814.03894
814.041351
814.041656
814.04187
814.04248
814.042511
814.042511
814.042541
814.043884
814.046386
814.047973
814.048004
814.048034
814.053802
814.055176
814.060241
814.060882
814.061828
814.062286
814.06311
814.071838
814.073608
814.075989
814.080536
814.085052
814.085113
814.086242
814.086242
814.086242
814.111297
814.116577
814.14035
814.141327
814.142853
814.145691
814.147949
814.14798
814.14798
814.149231
814.149261
814.149933
814.151642
814.151672
814.151672
814.151703
814.151703
814.151703
814.151733
814.151733
814.151733
814.151764
814.151764
814.151764
814.151794
814.153076
814.153106
814.153137
814.153137
814.153137
814.153137
814.159302
814.17456
814.179382
814.179718
814.179901
814.180084
814.180267
814.180481
814.180664
814.180877
814.181061
814.183166
814.183532
814.183746
814.183929
814.184112
814.184295
814.184631
814.184845
814.186737
814.186981
814.187195
814.187408
814.187561
814.188141
814.188324
814.188659
814.188965
814.189453
814.189636
814.18985
814.190063
814.190338
814.194427
814.194793
814.195099
814.195434
814.195617
814.195923
814.196136
814.19635
814.196563
814.197265
814.197479
814.199432
814.200409
814.201355
814.202087
814.204498
814.204925
814.20523
814.205475
814.205688
814.206054
814.206543
814.206756
814.20697
814.215423
814.215484
814.215515
814.215515
814.216156
814.217804
814.218261
814.219208
814.219848
814.221435
814.221863
814.221863
814.244537
815.234314
815.234741
815.234772
815.234772
815.276367
815.27713
815.306335
815.309173
825.26062
889.255035
915.02832
915.028442
915.033844
968.015442
968.026153
968.027344
968.028717
1567.429718
1582.556061
1582.556152
3027.123352
3035.955902
4440.762909
4440.763336
4440.765899
4440.775665
4440.780884
4440.785644
4440.786255
4440.786285
4440.792694
4440.801086
4440.806732
4440.807434
4440.807464
4440.846405
4440.84729
4444.330902
4444.332458
4444.333862
4444.334869
4444.33963
4444.339752
4444.473633
4444.643341
4444.707611
4444.724304
4444.758392
4450.680938
4459.289825
4459.301391
4459.316589
4459.316742
4459.31839
4459.320617
4459.322326
4459.322418
4459.322449
4459.323425
4459.335449
4459.338684
4459.339355
4459.339386
4459.343017
4459.343597
4459.346435
4459.35498
4459.355041
4459.355072
4459.355072
4459.355102
4476.210785
4476.210937
4476.219879
4476.226257
4477.360748
4477.376861
4491.215759
4491.215912
4491.215942
4491.215973
4491.216003
4491.216034
4504.214935
4829.604004
4875.24234
5073.452209
5222.721649
5222.729675
5222.729797
5587.928314
5587.939026
5587.944916
5587.945007
5587.945038
5587.945068
5587.945099
5587.945129
5587.947967
5604.538757
5604.538879
5604.540954
5604.542175
5798.182678
7311.298431
7311.313019
7311.323211
7311.330749
7311.346618
7328.121216
7547.382263
7571.623871
7571.62915
7571.645263
7866.260406
7866.269012
7866.290069
7866.290161
7876.307525
7876.323791
7876.326935
========
/data/com.facebook.katana/cache/compactdisk/image/1/sessionless/storage/jQJP25xGP9cqN8RNlJ0VpliqPWk
5208.725158
5208.730407
5208.730652
5208.731811
5208.733093
========
/data/com.facebook.katana/cache/ExoPlayerCacheDir/videocache
231.54776
231.547821
231.547851
231.547851
231.547882
231.548828
231.549011
231.549316
231.549347
231.549347
231.549377
231.549408
231.549408
231.549438
231.549469
231.549499
231.549499
231.54953
231.551697
231.552398
231.552643
231.553009
231.553039
231.55307
231.5531
231.5531
231.553131
231.553161
231.553161
231.553192
231.553222
231.553222
231.553253
231.553283
231.553283
231.553314
231.553345
231.553345
231.553375
231.553406
231.553406
231.553436
231.553467
231.553467
231.553497
231.553528
231.553528
231.553558
231.553589
231.557129
231.557861
231.557892
231.557922
231.557953
231.557983
231.558014
231.558014
231.558044
231.558075
231.558105
231.558105
231.558136
231.558166
231.558166
231.559875
231.560272
231.560486
231.560791
231.560791
231.560852
231.560852
231.560882
231.560913
231.560913
231.560943
231.560974
231.560974
231.561004
========
/data/com.facebook.katana/cache/browser_proc/org.chromium.android_webview/3ac9c7b8297c9cab_0
849.86261
849.864319
849.86734
849.869201
849.869324
849.878967
849.885132
849.923553
========
/data/com.facebook.katana/cache/graph_store_cache/100002284747093/GraphStore.sqlite3-wal
813.82666
813.82962
813.829681
813.835846
813.835907
813.836029
7335.433868
7548.896728
7548.897644
7548.898071
7548.898437
7548.898712
7548.899017
7548.899292
7548.89975
7548.900024
7548.900268
7548.900512
7548.900757
7548.901001
7548.901245
7548.901489
========
/data/com.facebook.katana/cache/serialized_mlkit_model_cache_100002284747093/7c3fd33e6c7ddc98a800c71fa00eb65f.1
818.605194
818.606476
818.608368
818.610534
========
/data/com.facebook.katana/cache/compactdisk/image/1/sessionless/storage/GkX3Bsag5z-QPKN9uhDyG8JBhOI
816.309112
816.310791
816.310974
4446.17807
4446.183319
4446.183471
========
/data/com.facebook.katana/cache/compactdisk/image/1/sessionless/storage/ZS7GBCVmtsTFAWwSEnRrKYQdC8Y
820.954407
820.960083
4443.868957
4443.87146
========
/data/com.facebook.katana/cache/browser_proc/org.chromium.android_webview/930837de24bd0d5b_1
849.863586
849.864654
849.864776
849.865387
========
/data/com.facebook.katana/cache/compactdisk/image/1/sessionless/storage/MlZs3T6cxcpH58RmdTRe2JTQC58
5214.527191
5214.532532
5214.532715
========
