/data/com.king.candycrushsaga/cache/video-cache/c8336f2a9f2e550a4927d8ae90f12291
264.035187
264.040558
264.040894
264.041748
264.042786
264.044342
264.045685
264.047791
264.0495
264.051178
264.052765
264.05423
264.054321
264.055817
264.05716
264.059357
264.062958
264.064453
264.066254
264.067719
264.069
264.070252
264.071594
264.073639
264.074829
264.077027
264.078034
264.079376
264.080689
264.081909
264.083862
264.085938
264.08725
264.088471
264.089752
264.090851
264.091889
264.09314
264.094635
264.096375
264.098908
264.100098
264.101715
264.102814
264.103882
264.103882
264.104584
========
/data/com.king.candycrushsaga/cache/res_output_group_audio_initial_music_candy_crush_saga_loop_1.ogg
247.959747
247.964203
247.964447
247.965302
247.966248
247.978424
247.983612
247.983765
247.983765
========
/data/com.king.candycrushsaga/cache/res_output_group_audio_music_candy_crush_intro2.ogg
3327.414887
3327.422821
3327.423187
3327.424347
3327.425995
3327.434693
3327.436859
3327.438507
========
/data/com.king.candycrushsaga/cache/res_output_group_audio_music_candy_crush_outro1.ogg
493.37796
493.386231
493.386475
493.38739
493.38855
========
/data/com.king.candycrushsaga/cache/-613180033.png
263.730866
263.732208
263.732788
263.734406
263.737091
========
/data/com.king.candycrushsaga/cache/res_output_group_audio_music_candy_crush_soundtrack3.ogg
504.359131
504.370026
504.37027
504.371399
========
/data/com.king.candycrushsaga/cache/org.chromium.android_webview/3b96289a0eb6c804_0
258.742401
258.747131
258.932373
258.937287
258.937439
258.941071
========
/data/com.king.candycrushsaga/cache/res_output_group_audio_music_candy_crush_soundtrack4.ogg
300.213806
300.221192
300.221436
300.22226
========
/data/com.king.candycrushsaga/cache/0086705305.png
248.031189
5845.454071
========
/data/com.king.candycrushsaga/cache/-60212467.png
263.72934
263.731293
263.732453
263.734467
========
