/data/com.ea.game.pvzfree_row/cache/vungle/5e619e8437c32e00013e7db7/video
649.241058
649.249755
649.250061
649.252105
649.253357
649.320465
649.326355
649.327362
649.327545
649.331512
649.651062
649.916198
650.134124
650.139618
650.140991
650.142089
650.14389
650.145141
650.146301
650.445221
650.445312
650.578369
650.578643
650.578674
650.97586
650.976104
651.372863
651.583679
651.589202
651.589874
651.591186
651.591644
651.592468
651.593414
652.053222
652.053558
652.187042
652.187194
652.187194
652.187225
652.583099
652.583282
652.583313
652.583343
652.852203
652.852325
653.114196
653.119354
653.119964
653.120666
653.120849
653.121337
653.122009
653.247314
653.247467
653.646392
654.042175
654.042297
654.443389
654.564483
654.569854
654.570465
654.571228
654.571411
654.571991
654.572601
654.57431
654.574401
654.854583
654.987304
654.987457
655.254516
655.651245
656.056671
656.062164
656.062408
656.063232
656.064239
656.065185
656.066436
656.066833
656.446472
656.446838
656.579101
656.977233
656.977417
657.242218
657.24237
657.546997
657.547424
657.55249
657.553192
657.553619
657.639862
658.053894
658.054016
658.849639
658.849762
658.986114
658.986236
660.43991
662.019836
662.028808
662.037017
662.445831
662.445983
662.446045
663.510742
663.772461
663.772644
664.963714
664.968841
665.380157
665.38034
666.453826
667.946685
667.951568
668.446899
668.447082
669.438293
669.440094
672.417236
672.422302
673.239257
673.239441
673.90802
673.915466
673.916656
675.375549
675.375701
675.397644
675.398712
675.399566
675.400207
675.400756
675.401275
675.774597
675.77481
676.038452
676.452667
676.452789
676.887909
676.892639
676.893463
676.894378
676.894561
677.38092
677.381012
========
/media/0/Android/data/com.ea.game.pvzfree_row/cache/UnityAdsCache/UnityAdsCache-1bc645fe67b863a683f1b1b01dc3428e102dbaa8142e12eaa1bddd68241a20d9.webm
6601.159301
6601.165496
6601.165893
6601.168792
6601.170471
6601.180481
6601.181152
6601.181549
6601.181915
6601.18222
6601.182464
6601.182739
6601.182983
6601.183319
6601.183593
6601.183899
6601.184143
6601.184387
6601.184661
6601.184906
6601.18518
6601.6734
6602.763153
6602.763275
6602.763305
6604.313415
6604.318359
6604.319244
6605.335662
6605.335785
6605.335785
6605.335815
6605.401733
6605.401855
6606.25415
6606.254303
6606.254333
6606.750488
6608.53833
6608.543212
6608.544006
6608.545074
6608.545135
6608.826873
6609.432525
6609.432708
6609.432769
6611.837524
6613.17102
6613.254516
6613.995697
6613.995849
6614.895568
6614.895691
6614.895721
6617.032806
6618.017334
6619.267578
6619.272522
6619.27301
6619.274353
6619.274841
6619.275146
6620.178314
6620.349029
6620.349121
6620.476196
6620.481506
6620.483337
6620.484527
6620.485138
6620.485626
6620.486206
6620.486389
6620.488128
6620.512786
6620.512939
6620.51297
6621.803711
6621.803894
6621.807098
6621.807159
6621.80719
6623.213806
6623.213989
6624.385925
6624.386047
6625.28366
6626.492706
6626.492889
6627.724701
6627.728057
========
/media/0/Android/data/com.ea.game.pvzfree_row/cache/UnityAdsCache/UnityAdsCache-87c2e1211d6735b9210b2ac83c868581c2c9e4390d23bd16ac042a76bf61ff97.webm
400.20697
400.209411
400.210052
400.211517
400.214996
400.229187
400.23056
400.231933
400.232971
400.233581
400.234222
400.234771
400.235199
400.235656
400.236358
400.236816
400.237548
400.238189
400.238708
400.239227
400.24002
400.24057
400.241363
400.241912
400.242401
1301.629577
1301.62976
1301.629791
1302.285522
1302.285705
1302.986023
1303.995605
1303.995758
1303.995819
1305.794433
1305.794555
1306.022735
1306.022857
1308.943878
1308.949829
1308.951385
1308.952575
1308.952667
1308.958191
1308.958343
1309.621093
1309.621215
1309.621276
1309.621276
1310.809967
1312.2919
1312.292114
1312.72937
1312.729553
1314.439331
1314.439514
1314.439544
1314.443847
1314.443908
1316.614227
1316.742157
1316.742309
1316.74237
1316.742401
1317.995025
1319.125854
1319.126037
1319.126068
1319.126098
1319.126129
1319.126159
1319.12619
1319.12622
1320.629119
1321.125732
1322.630706
1322.630859
1322.630889
1322.63092
1324.813964
1326.721252
1326.726837
1326.727722
1326.728485
1326.786529
1326.786773
1327.452087
1328.611358
========
/media/0/Android/data/com.ea.game.pvzfree_row/cache/video-cache/84cb59c4de04d21618e8d0ab2dd9a827
4966.538757
4966.544159
4966.54425
4966.544921
4966.544983
4966.545013
4966.545227
4966.545288
4966.545318
4966.545349
4966.545349
4966.545379
4966.546814
4966.546905
4966.546936
4966.546936
4966.546966
4966.546966
4966.546997
4966.547027
4966.547058
4966.547058
4966.547088
4966.547119
4966.547119
4966.547149
4966.54718
4966.54718
4966.54721
4966.549469
4966.54956
4966.549591
4966.549591
4966.549621
4966.549652
4966.549682
4966.549682
4966.549713
4966.549743
4966.549774
4966.549774
4966.549804
4966.549835
4966.549835
4966.549865
4966.551605
4966.551696
4966.551818
4966.551818
4966.551849
4966.551879
4966.55191
4966.55191
4966.553192
4966.553283
4966.553314
4966.553344
4966.553375
4966.55429
4966.554351
4966.554382
4966.554412
4966.554443
4966.554443
4966.557251
4966.557373
4966.55841
4966.558502
4966.55896
4966.55899
4966.559021
4966.559051
4966.559051
4966.559082
4966.559112
4966.559143
4966.559143
4966.559173
4966.559204
4966.559204
4966.559234
4966.561279
4966.56137
4966.561401
4966.561431
4966.561431
4966.561462
4966.561493
4966.561523
4966.561523
4966.561554
4966.561584
4966.561615
4966.561615
4966.561645
4966.561676
4966.561676
4966.561706
4966.561767
4966.561798
4966.563507
4966.563598
4966.563629
4966.563659
4966.563659
4966.56369
4966.56372
4966.563842
4966.563873
4966.563873
4966.567993
4966.568084
4966.568115
4966.568145
4966.568176
4966.568206
4966.568206
4966.568237
4966.568237
4966.568267
4966.568298
4966.568328
4966.568359
4966.568359
4966.569976
4966.570068
4966.570098
4966.570129
4966.570129
4966.57016
4966.571533
4966.571624
4966.571655
4966.571685
4966.571685
4966.572845
4966.572967
4966.572998
4966.572998
4966.573028
4966.573059
4966.573059
4966.573089
4966.574249
4966.57434
4966.574371
4966.574401
4966.575744
4966.575866
4966.575897
4966.575927
4966.575958
4966.575988
4966.575988
4966.576019
4966.576019
4966.576049
4966.57608
4966.57611
4966.577514
4966.577606
4966.577636
4966.577636
4966.577667
4966.577667
4966.577697
4966.577697
4966.577728
4966.577758
4966.579864
4966.579956
4966.579956
4966.579986
4966.580017
4966.580017
4966.580047
4966.580078
4966.580108
4966.580108
4966.580139
4966.580169
4966.580169
4966.5802
4966.5802
4966.58023
4966.58023
4966.580322
4966.582183
4966.583252
4966.583313
4966.583374
4966.583374
4966.583404
4966.583435
4966.583435
4966.583465
4966.584838
4966.584899
4966.58493
4966.584961
4966.584961
4966.584991
4966.584991
4966.585022
4966.586822
4966.586914
4966.586944
4966.586944
4966.586975
4966.586975
4966.587005
4966.587036
4966.587036
4966.587066
4966.587066
4966.587097
4966.587127
4966.587127
4966.587158
4966.587158
4966.587188
4966.587249
4966.587249
4966.589721
4966.589813
4966.589843
4966.589843
4966.589874
4966.589904
4966.589935
4966.589935
4966.589965
4966.591247
4966.591339
4966.591339
4966.591369
4966.5914
4966.593811
4966.593902
4966.593902
4966.593933
4966.593963
4966.593963
4966.593994
4966.594024
4966.594055
4966.594055
4966.594085
4966.594116
4966.594116
4966.594146
4966.596344
4966.596435
4966.59671
4966.596771
4966.596771
4966.596801
4966.606811
4966.606903
4966.606933
4966.606964
4966.606964
4966.606994
4966.606994
4966.607025
4966.607055
4966.607086
4966.607086
4966.612426
4966.612518
4966.612548
4966.612548
4966.612579
4966.612609
4966.612609
4966.6138
4966.613891
4966.613891
4966.613922
4966.613952
4966.613952
4966.613983
4966.614013
4966.614013
4966.615203
4966.615295
4966.615326
4966.615356
4966.615356
4966.615387
4966.615417
4966.615417
4966.61737
4966.617431
4966.617462
4966.617492
4966.617523
4966.617523
4966.617553
4966.617584
4966.617614
4966.618805
4966.618866
4966.618866
4966.618896
4966.618927
4966.618957
4966.618957
4966.618988
4966.619018
4966.619049
4966.6203
4966.62033
4966.620361
4966.620391
4966.620422
4966.620452
4966.620452
4966.620483
4966.620514
4966.621826
4966.621856
4966.621887
4966.621917
4966.621948
4966.621948
4966.621978
4966.622009
4966.622039
4966.62326
4966.623291
4966.623321
4966.623352
4966.623382
4966.623413
4966.623443
4966.623474
4966.623474
4966.623504
4966.624939
4966.625
4966.62503
4966.62503
4966.625061
4966.625091
4966.625122
4966.626373
4966.626403
4966.626434
4966.626464
4966.626495
4966.626525
4966.626525
4966.626556
4966.627746
4966.627777
4966.627807
4966.627838
4966.627838
4966.627868
4966.627899
4966.629211
4966.629242
4966.629272
4966.629303
4966.629333
4966.629364
4966.629394
4966.629394
4966.630676
4966.630706
4966.630737
4966.630767
4966.630798
4966.630828
4966.630828
4966.630859
4966.632171
4966.632202
4966.632232
4966.632263
4966.632293
4966.632293
4966.632324
4966.632354
4966.633575
4966.633606
4966.633636
4966.633667
4966.633667
4966.633697
4966.633728
4966.634948
4966.634979
4966.635009
4966.635009
4966.63504
4966.63507
4966.635101
4966.635131
4966.635131
4966.635162
4966.637359
4966.63739
4966.63742
4966.637451
4966.637481
4966.637512
4966.637512
4966.637542
4966.637573
4966.637603
4966.637634
4966.637634
4966.637695
4966.637695
4966.637725
4966.639801
4966.639831
4966.639862
4966.639892
4966.639923
4966.639953
4966.639984
4966.641174
4966.641204
4966.641235
4966.641265
4966.641296
4966.641326
4966.641326
4966.642547
4966.642578
4966.642608
4966.642639
4966.642669
4966.642669
4966.6427
4966.643951
4966.643982
4966.644012
4966.644043
4966.644073
4966.644104
4966.644104
4966.644134
4966.644165
4966.644195
4966.645507
4966.645538
4966.645568
4966.645599
4966.645629
4966.645721
4966.645752
4966.646606
4966.646637
4966.646667
4966.646698
4966.646728
4966.646728
4966.646759
4966.646789
4966.646789
4966.647583
4966.647613
4966.647644
4966.647674
4966.647705
4966.647705
4966.647735
4966.647735
4966.647766
4966.647766
4966.648651
4966.648681
4966.648681
4966.648712
4966.648773
4966.648773
4966.648803
4966.648834
4966.648834
4966.650421
4966.650451
4966.650482
4966.650512
4966.650512
4966.650543
4966.650543
4966.650573
4966.650573
4966.650604
4966.650604
========
/media/0/Android/data/com.ea.game.pvzfree_row/cache/video-cache/c68875416989686c70c9114b22fefe19
5047.945922
5047.951233
5047.951324
5047.951904
5047.951965
5047.951995
5047.953338
5047.95343
5047.95346
5047.954803
5047.954895
5047.954925
5047.954956
5047.954956
5047.954986
5047.955017
5047.955017
5047.955047
5047.955078
5047.955108
5047.955108
5047.955139
5047.955139
5047.955169
5047.9552
5047.9552
5047.958038
5047.95816
5047.958191
5047.958221
5047.958252
5047.958252
5047.958282
5047.958313
5047.958313
5047.958343
5047.960235
5047.960327
5047.960357
5047.960388
5047.960388
5047.960418
5047.960449
5047.960449
5047.960479
5047.960479
5047.96051
5047.96054
5047.960571
5047.960571
5047.960601
5047.960601
5047.960632
5047.960693
5047.960723
5047.960723
5047.960754
5047.96231
5047.962402
5047.962432
5047.962463
5047.962493
5047.962493
5047.962524
5047.962555
5047.963653
5047.963745
5047.963775
5047.963806
5047.963806
5047.963836
5047.963867
5047.963867
5047.963897
5047.963928
5047.963928
5047.963958
5047.965667
5047.965759
5047.965759
5047.965789
5047.96582
5047.96582
5047.96585
5047.967834
5047.968719
5047.96878
5047.968811
5047.969024
5047.969055
5047.969085
5047.971038
5047.97113
5047.97116
5047.97116
5047.971191
5047.971222
5047.971222
5047.971252
5047.971283
5047.971283
5047.971344
5047.981659
5047.983337
5047.988098
5047.98825
5047.990875
5047.991211
5047.994262
5047.994354
5047.996124
5047.998535
5048.000824
5048.002929
5048.005676
5048.005798
5048.009338
5048.010376
5048.010437
5048.011932
5048.013031
5048.013061
========
/media/0/Android/data/com.ea.game.pvzfree_row/cache/UnityAdsCache/UnityAdsWebApp.html
390.797546
390.802612
390.803527
390.805511
390.80661
390.809845
390.812591
390.814178
390.815795
390.818054
390.821045
390.837036
390.839477
390.842559
390.844726
390.846618
390.848663
390.850524
========
/media/0/Android/data/com.ea.game.pvzfree_row/cache/video-cache/08790d475ba209ac6c61552d0d3d7d51
3711.636077
3711.645996
3711.647155
3711.647247
3711.647277
3711.650207
3711.650329
3711.65036
3711.65036
3711.65039
3711.650421
3711.650421
3711.650451
3711.650482
3711.650512
3711.650512
3711.650543
3711.650573
3711.650573
3711.650604
3711.654724
3711.654815
3711.655548
3711.656677
3711.656982
3711.657043
3711.657043
3711.657074
3711.657104
3711.657135
3711.657135
3711.657287
3711.657318
3711.657348
3711.657379
3711.657379
3711.657409
3711.657409
3711.673095
3711.673217
3711.673217
3711.673248
3711.673278
3711.673278
3711.673309
3711.673309
3711.673339
3711.673339
3711.67337
3711.6734
3711.6734
3711.673431
3711.673431
3711.673462
3711.673492
3711.673523
3711.673553
3711.673553
3711.673584
3711.675903
3711.675994
3711.676025
3711.676025
3711.676056
3711.676056
3711.676086
3711.676117
3711.676117
3711.676147
3711.67633
3711.676361
3711.676391
3711.676391
3711.676422
3711.676452
3711.676452
3711.676513
3711.679107
3711.679748
3711.67987
3711.679901
3711.680877
3711.681488
3711.681884
3711.682434
3711.682891
3711.682952
3711.683105
3711.683136
3711.683471
3711.683502
3711.683532
3711.683563
3711.683593
3711.683593
3711.683624
3711.683624
3711.684875
3711.684967
3711.684997
3711.684997
3711.685028
3711.685058
3711.685058
3711.685089
3711.685119
3711.685119
3711.68515
3711.68515
3711.68518
3711.686523
3711.686615
3711.686645
3711.689209
3711.6893
3711.6893
3711.689331
3711.689331
3711.689361
3711.689392
3711.689392
3711.689422
3711.689453
3711.689453
3711.689483
3711.689605
3711.691589
3711.691681
3711.691711
3711.691742
3711.691742
3711.691772
3711.691772
3711.691803
3711.691833
3711.692932
3711.693023
3711.693054
3711.693084
3711.693084
3711.693115
3711.694824
3711.694915
3711.694946
3711.694976
3711.694976
3711.695007
3711.695037
3711.695037
3711.695068
3711.695098
3711.695098
3711.695129
3711.69516
3711.69516
3711.698089
3711.698211
3711.698211
3711.698242
3711.698272
3711.698303
3711.698303
3711.698333
3711.698364
3711.698394
3711.698394
3711.698425
3711.698455
3711.698455
3711.698486
3711.698516
3711.698516
3711.701507
3711.701629
3711.70166
3711.70166
3711.70169
3711.701721
3711.701721
3711.701751
3711.701782
3711.701782
3711.701812
3711.701812
3711.701843
3711.703277
3711.703369
3711.703369
3711.703399
3711.703399
3711.70343
3711.70346
3711.703491
3711.703521
3711.703521
3711.705413
3711.705505
3711.705535
3711.705535
3711.705566
3711.705597
3711.705597
3711.705627
3711.705658
3711.705658
3711.705688
3711.705719
3711.705749
3711.70758
3711.707672
3711.707702
3711.707702
3711.707733
3711.707946
3711.707946
3711.707977
3711.708007
3711.708007
3711.709167
3711.709228
3711.709259
3711.709289
3711.709289
3711.710723
3711.711242
3711.711883
3711.711944
3711.712158
3711.712188
3711.712219
3711.712249
3711.713043
3711.713897
3711.713958
3711.713989
3711.714019
3711.714782
3711.714843
3711.714843
3711.714874
3711.714904
3711.714935
3711.714965
3711.716522
3711.716552
3711.717254
3711.717681
3711.717712
3711.717743
3711.717773
3711.717804
3711.718933
3711.718963
3711.718994
3711.719024
3711.719055
3711.719055
3711.719085
3711.719116
3711.719146
3711.719177
3711.719207
3711.719238
3711.720855
3711.720886
3711.720916
3711.720916
3711.720947
3711.720977
3711.721008
3711.721038
========
/data/com.ea.game.pvzfree_row/cache/vungle/5e619e8437c32e00013e7db7/postrollUnzip/ad.html
679.731323
679.735321
679.737243
679.758392
679.762847
679.780609
679.783783
679.785278
679.786743
679.790374
679.792083
========
/media/0/Android/data/com.ea.game.pvzfree_row/cache/UnityAdsCache/UnityAdsCache-a79ba35ec6333b689ae6591ef76505f47e33dc37d3a58434d1b044624d4cfb79.jpg
1299.907287
1299.908599
1299.909118
1299.909179
1299.910919
1299.911712
6600.415008
6600.416168
6600.416534
6600.416626
6600.419067
6600.420044
========
/data/com.ea.game.pvzfree_row/cache/vungle/5e63aa72a89ff40001599d56/postrollUnzip/ad.html
7278.439056
7278.439453
7278.439514
7278.440826
7278.440948
7278.440979
7278.441009
7278.441009
7278.44104
7278.44104
7278.44107
7278.444824
7278.444915
7278.444946
7278.444976
7278.444976
7278.445007
7278.445007
7278.445037
7278.445068
7278.445068
7278.445098
7278.445098
7278.445129
7278.445129
7278.44516
7278.445617
7278.445709
7278.445709
7278.445739
7278.44577
7278.44577
7278.4458
7278.4458
7278.445831
7278.445861
7278.445861
7278.445892
7278.445922
7278.450531
7278.450683
7278.450714
7278.450744
7278.450744
7278.450775
7278.450775
7278.450805
7278.450836
7278.450836
7278.450866
7278.450866
7278.450897
7278.450927
7278.450927
7278.450958
7278.450958
7278.451019
7278.451019
7278.451049
7278.45108
7278.45111
7278.45111
7278.451141
7278.451141
7278.451171
7278.495758
7278.49591
7278.49591
7278.495941
7278.495971
7278.495971
7278.496002
7278.496002
7278.496032
7278.496063
7278.496063
7278.496093
7278.501617
7278.501739
7278.50177
7278.5018
7278.5018
7278.501831
7278.501861
7278.501861
7278.501892
7278.501922
7278.501922
7278.501953
7278.501953
7278.501983
7278.501983
7278.502014
7278.502044
7278.502075
7278.502075
7278.502105
7278.502105
7278.502136
7278.502166
7278.502166
7278.502197
7278.502197
7278.502227
7278.502258
7278.507141
7278.507232
7278.507263
7278.507293
7278.507293
7278.507324
7278.507324
7278.507354
7278.507354
7278.507385
7278.50769
7278.507721
7278.507751
7278.507782
7278.507782
7278.507812
7278.51062
7278.510711
7278.510711
7278.510742
7278.510772
7278.510772
7278.510803
7278.510803
7278.510833
7278.510864
7278.510864
7278.510894
7278.510894
7278.510925
7278.510925
7278.51535
7278.51538
7278.515411
7278.515411
7278.515441
7278.515441
7278.515472
7278.515472
7278.515503
7278.515533
7278.515533
7278.515564
7278.515564
7278.515594
7278.515594
7278.524902
7278.524993
7278.525024
7278.525024
7278.525055
7278.525055
7278.525085
7278.525116
7278.525116
7278.525146
7278.525146
7278.525177
7278.525177
7278.525207
7278.525207
7278.527069
7278.527099
7278.52713
7278.52713
7278.52716
7278.52716
7278.527191
7278.527191
7278.527221
7278.527221
7278.527252
7278.527252
7278.527282
7278.527282
7278.527313
7278.527313
7278.527343
7278.527374
7278.527404
7278.527404
7278.527435
7278.527435
7278.527465
7278.527465
7278.527496
7278.527526
7278.527526
7278.527587
7278.527618
7278.527618
7278.527649
7278.527679
7278.531158
7278.531219
7278.53125
7278.53125
7278.53128
7278.53128
7278.531311
7278.531311
7278.531341
7278.531341
7278.531372
7278.531372
7278.531402
7278.531402
7278.531433
7278.532592
7278.532623
7278.532653
7278.532684
7278.532714
7278.532745
7278.532745
7278.532775
7278.532806
7278.532837
7278.532867
7278.532867
7278.534149
7278.534179
========
