/media/0/Android/data/com.google.android.apps.maps/cache/diskcache/map_cache.db
1238.384918
1238.384948
1238.384948
1238.406372
1238.406402
1238.406402
1238.406402
1238.406433
1238.406433
1238.406433
1238.406463
1238.407562
1238.408325
1238.408355
1238.408355
1238.411285
1239.006317
1239.012115
1239.014099
1239.018615
1239.021332
1239.021332
1239.021393
1239.021423
1239.021423
1239.021454
1239.021454
1239.021454
1239.021484
1239.021484
1239.021484
1239.021515
1239.021515
1239.059753
1239.082458
1239.08374
1239.181305
1239.185974
1239.187042
1239.187378
1239.22406
1239.225494
1239.231018
1239.245178
1239.268707
1239.272033
1239.624878
1239.628235
1239.700012
1239.701019
1239.701263
1239.701294
1239.712921
1239.713531
1239.713531
1239.713562
1239.715912
1239.719055
1239.7211
1239.722137
1239.722473
1239.722473
1239.722503
1239.722839
1239.755432
1239.789764
1239.790222
1239.805328
1239.807739
1239.808807
1239.809082
1239.822937
1239.823913
1239.823944
1239.83374
1239.835083
1239.835479
1239.84021
1239.856567
1239.90506
1239.921844
1239.921905
1241.522125
1241.522217
1241.524811
1241.525146
1241.537658
1241.538666
1241.560364
1241.753357
1241.84082
1242.605346
1242.608642
1242.618438
1242.620758
1242.620819
1242.620849
1242.622101
1242.686767
1242.705566
1242.71347
1242.720764
1242.720794
1242.721069
1242.723419
1242.726074
1242.726104
1242.726104
1242.767853
1242.768768
1242.769928
1242.769928
1242.769958
1242.769958
1242.770386
1242.77066
1242.771301
1242.771332
1242.771332
1242.771332
1242.806823
1242.807647
1242.814209
1242.827698
1242.829773
1242.829803
1242.829803
1242.959625
1243.046539
1243.046844
1243.047149
1243.047729
1243.049499
1243.055572
1243.055633
1243.063934
1243.064148
1243.071106
1243.072448
1243.072723
1243.073334
1243.075378
1243.075439
1243.076446
1243.078277
1243.078583
1243.079162
1243.079193
1243.285431
1243.28894
1243.289551
1243.293579
1243.29364
1243.29364
1243.29364
1243.293701
1243.390625
1243.395813
1243.395874
1243.395874
1243.395874
1243.395904
1243.395904
1243.395904
1243.395935
1243.395935
1243.395935
1243.396454
1243.473358
1243.486389
1243.486877
1243.494293
1243.494354
1243.494354
1243.494385
1243.494385
1243.494385
1243.494415
1243.494415
1243.494415
1243.494446
1243.534851
1244.033142
1244.05249
1244.052582
1244.060547
1244.154205
1244.161987
1244.187103
1244.478515
1244.480987
1244.505554
1268.953613
1268.954895
1268.955444
1268.98349
1268.992096
1268.992859
1269.005127
1269.019562
1269.020477
1269.241577
1269.241638
1269.241638
1269.250854
1269.250885
1269.265625
1269.26654
1269.270172
1269.270294
1269.270752
1269.272369
1269.272918
1269.273498
1269.273926
1269.367706
1269.367767
1269.367798
1270.133148
1270.137817
1270.137909
1270.137939
1270.22641
1270.313995
1270.315613
1289.183807
1289.43277
1289.435699
1289.439911
1289.440002
1289.440033
1289.440063
1289.440063
1289.440094
1289.440124
1289.440124
1289.440155
1289.552459
1289.552521
1289.552521
1290.808044
1290.817596
1290.817688
1290.818481
1290.818573
1290.83728
1290.837341
1290.837372
1290.837402
1290.985504
1290.98587
1297.630249
1297.634796
1297.634826
1297.635071
1297.635101
1298.14917
1309.345764
1449.90332
1449.959411
1449.964691
1449.970001
1449.970032
1460.988189
1461.00177
1516.634399
1516.658264
1516.663421
1516.665161
1516.666473
1516.667022
1516.667084
1516.667084
1516.667206
1516.667511
1658.455902
1658.476654
1658.476745
1658.477997
1658.479217
1658.479309
1658.480835
1658.480926
1658.480957
1658.528259
1658.528412
1658.528412
1658.528442
1658.528473
1658.528473
1658.635223
1658.635284
1658.635284
1658.635315
1658.635315
1658.635315
1658.635345
1658.706238
2047.153381
2047.153839
2047.1539
2062.747101
2062.75003
2062.750671
2062.750732
2062.750763
2202.527313
2357.754059
2357.837982
2357.849396
2357.849518
2357.850067
2360.253937
2422.434234
2422.434509
2467.736877
2556.397308
2556.419464
2556.421234
2556.429901
2556.429992
2556.451172
2556.451782
2556.451874
2556.451904
2558.212219
2558.212372
2559.625824
2798.709869
2798.84674
2798.913116
2798.923645
2798.923736
2799.029724
2799.041351
2799.042694
2799.043304
2799.044372
2799.044464
2799.044494
2799.063659
2799.066864
2802.937378
2802.943695
2802.94461
2802.944671
2802.944702
2802.977936
2802.979461
2802.981964
2804.335052
2830.698395
2830.704162
2830.704254
2830.705047
2830.998688
2830.99881
2836.915619
2836.91568
2836.91571
2836.915741
2836.915741
2882.226867
2882.231689
2882.231781
2882.231781
2882.268097
2882.268249
2882.268249
2882.269623
2882.297241
2882.297363
2882.297363
2882.549988
2882.563049
2882.577881
2882.577942
2882.577972
2884.973511
3321.241882
3321.242004
3814.588104
3814.592926
3844.44693
3844.455353
3844.479004
3844.479156
3860.085113
3882.160888
3928.634674
3928.634765
3929.248413
3929.248596
3929.248596
3929.248626
3929.248626
4075.169708
4075.186126
4075.203064
4075.203216
4075.203277
4075.203308
4109.937835
4794.298309
4794.298401
4802.076721
4802.095215
4802.10379
4822.54303
4840.2453
4840.264099
4840.265533
4846.358368
4846.363312
4846.363403
4846.363403
4862.019043
4862.02594
4957.47113
4957.476684
4957.479675
4957.480743
4957.480835
4957.480957
4957.480987
4957.480987
4957.481018
4957.610107
4957.615021
4981.158783
4981.158905
4981.158935
4981.158935
4981.180572
4981.182037
4981.182647
4981.182709
5079.058319
5079.076599
5079.076721
5079.159149
5080.877258
5080.918274
5080.92688
5080.927032
5216.460266
5216.460418
5216.460449
5220.744781
5220.778167
5220.77829
5220.805359
5220.838959
5223.829254
5223.831634
5224.986725
5256.336853
5256.35495
5257.407226
5260.302582
5260.356537
5260.363373
5260.363922
5260.365112
5260.365326
5260.366485
5260.366638
5260.366699
5260.366699
5260.367004
5283.103363
5283.105041
5286.798248
5286.79837
5286.798431
5286.798431
5286.798462
5286.798492
5286.82666
5406.088012
5406.096557
5530.483612
5530.491089
5530.491791
5557.134002
5557.134125
5566.285644
5566.285766
5566.285797
5566.287658
5566.28775
5566.287781
5566.287811
5566.287811
5566.287842
5566.287842
5566.287872
5566.287903
5566.287903
5649.381286
5649.381439
5649.381439
5649.381469
5649.433441
5649.434173
5649.593323
5649.634155
5649.911377
5649.911499
5649.937439
5649.942627
5649.968017
5649.968078
5650.050903
5650.175537
5650.308197
5650.308319
5650.308349
5650.308349
5650.30838
5650.30841
5650.30841
5650.868622
5650.868957
5650.875274
5650.875396
5650.876068
5650.876465
5650.876892
5650.877472
5650.877563
5650.877685
5650.877716
5650.877746
5650.877777
5650.877777
5650.877807
5650.877838
5650.952972
5650.974243
5650.982483
5650.983459
5650.983856
5650.9841
5650.984375
5650.984405
5650.984405
5650.984436
5650.984466
5651.057342
5651.058441
5651.062439
5651.06372
5651.06427
5651.065429
5651.065521
5651.066742
5651.089844
5651.089935
5651.098388
5651.098511
5651.098541
5651.098572
5670.649139
5670.649261
5670.649261
5670.649322
5670.649353
5670.649383
5670.725097
5670.725219
5670.72525
5670.72525
5670.725281
5670.725311
5670.725311
5670.725342
5670.725342
5670.725372
5677.646759
5677.65155
5677.653808
5677.727325
5677.732757
5677.732788
5677.732788
5677.732818
5677.732818
5680.651184
5688.156738
5688.15683
5688.15686
5688.15686
5688.156891
5695.800445
5695.806854
5695.810333
5695.810455
5700.336426
5701.353027
5733.888733
5733.894897
5734.68869
5734.690277
5734.690979
5736.614563
5736.615173
5736.61969
5736.619812
5736.619842
5736.619873
5736.619873
5736.647827
5736.703033
5736.708618
5736.711059
5736.717163
5736.722961
5737.01532
5737.015472
5737.015503
5737.020172
5753.096252
5753.096374
5753.102112
5753.102691
5753.10318
5760.024383
5760.024536
5761.473816
5761.484314
5761.484527
5761.485931
5761.486023
5761.486053
5761.632538
5761.632629
5761.63266
5761.719604
5761.731659
5761.732239
5761.73233
5761.733032
5761.807464
5761.807586
5761.807617
5761.8255
5761.825622
5761.825653
5761.825653
5762.073974
5763.21463
5792.627594
5978.59906
5989.249573
5989.249695
5989.316559
5989.41333
5997.35791
5997.424469
5997.429229
5997.429291
6022.364746
6022.364837
6022.364868
6022.364868
6022.364898
6091.536865
6091.536957
6389.707306
6389.713287
6389.71405
6389.71466
6483.308777
6484.018677
6484.018799
6484.018829
6484.01886
6484.01886
6548.11026
6957.828705
6957.828888
6957.833496
6957.834747
6957.834869
6957.8349
6959.596374
6959.596466
6959.597809
6959.599548
6959.601684
6959.602722
6959.603607
7066.248169
7122.669677
7122.6698
7122.66983
7127.317016
7127.317169
7786.777313
7787.341369
7787.343536
7787.343567
7787.343567
7787.343597
7787.343597
7787.344299
7787.34433
7787.34433
7787.34436
7787.34436
7787.344391
7787.344421
7787.344421
7787.344452
7787.344452
7787.344482
7787.344482
7986.969543
7987.004364
7987.004577
7994.034088
7994.040832
7994.041626
7994.041717
7994.04187
7994.0419
7996.961059
7996.961212
7996.961242
8012.92334
8012.930938
8012.93103
8012.931244
8016.141235
8018.224273
8018.229187
8018.229278
8018.229339
8019.012909
8019.013
8019.013031
8023.446258
8027.692383
8028.710083
8080.993347
8080.993469
8080.9935
8192.289886
8254.884369
8254.890594
8254.890716
8254.892364
8282.65982
8282.661773
8282.665619
8297.01062
8297.010772
8297.010803
8297.010834
8297.010864
8297.156341
8318.277038
8318.297577
========
/data/com.google.android.apps.maps/cache/image_manager_disk_cache/ed1bd757fc5c08476fc1f0161d6d4f5cc5080e1aafc128eb21dfab9c057646c0.0
1244.629699
========
/data/com.google.android.apps.maps/cache/image_manager_disk_cache/d431fd226d62ea865bc8cdf9144aeea51482858e360a0dd8cb8e7e12395ffcd3.0
1244.65393
========
/data/com.google.android.apps.maps/cache/image_manager_disk_cache/2e067f6cf0e9b66f7ca4a41efaba47296a2ae7cc4e355851eb76c7ea556bee59.0
1244.644226
========
/data/com.google.android.apps.maps/cache/image_manager_disk_cache/journal
1242.198761
1242.198822
========
/data/com.google.android.apps.maps/cache/image_manager_disk_cache/405ab900abfbc82f079b074159dd1faea72479c4d119110db2271265cd21e9f7.0
3770.764953
========
/data/com.google.android.apps.maps/cache/image_manager_disk_cache
1214.000366
========
/media/0/Android/data/com.google.android.apps.maps/cache/diskcache/map_cache.db-shm
1238.389557
========
/media/0/Android/data/com.google.android.apps.maps/cache/diskcache
19.582397
========
/media/0/Android/data/com.google.android.apps.maps/cache
19.064209
========
