/data/com.ss.android.ugc.trill/cache/cachev2/v09044510000bp3lsjo3rmgh2cemfjng_h265_540p_1331672.mdl
1390.021515
1390.027344
1390.029358
1390.031983
1390.035553
1390.037568
1390.039399
1390.040772
1390.043518
1390.044892
1390.046082
1390.047638
1390.048401
1390.049622
1390.050354
1390.052948
1390.053986
1390.061737
1390.063263
1390.067719
1390.068634
1390.073792
1390.075531
1390.077729
1390.079651
1390.081025
1390.089051
1390.093506
1390.09552
1390.096894
1390.098267
1390.112061
1390.113251
1390.116364
1390.117951
1390.121918
1390.141938
1390.142517
1390.146546
1390.182648
1390.222596
1390.261139
1390.751831
1391.64148
1392.46106
1392.461243
1393.420441
1394.021576
1394.774231
========
/data/com.ss.android.ugc.trill/cache/cachev2/v07025640000bp4beeca59rpnabr1c5g_h265_540p_583107.mdl
994.38031
994.380433
994.380494
994.380524
994.380555
994.380555
994.380585
994.380616
994.380646
994.380677
994.380677
994.380707
994.380738
994.380768
994.380799
994.380799
994.380829
994.38086
994.38089
994.38089
994.380921
994.380951
994.380982
994.381012
994.381043
994.381043
994.381073
994.381104
994.381134
994.381165
994.381165
994.381195
994.381226
994.381257
994.381257
994.381287
994.381318
994.381348
994.381348
994.381379
994.381409
994.38144
994.38144
994.38147
994.381501
994.381531
994.381531
994.381562
994.381592
994.381623
994.381623
994.381653
994.381684
994.381714
994.381745
994.381775
994.381806
994.381836
994.381867
994.381867
994.381897
994.381928
994.381958
994.381989
994.381989
994.38205
994.38205
994.38208
994.382111
994.382142
994.382172
994.382172
994.382203
994.382233
994.382264
994.382264
994.382294
994.382325
994.382355
994.382386
994.382386
994.382416
994.382447
994.382477
994.382477
994.382508
994.382538
994.382569
994.382599
994.38263
994.38263
994.38266
994.382691
994.382721
994.382721
994.382752
994.382874
994.382874
994.382904
994.382935
994.382965
994.382996
994.382996
994.383027
994.383057
994.383088
994.383118
994.383149
994.383179
994.386902
994.386963
994.386963
994.386994
994.387024
994.387055
994.387055
994.387085
994.387116
994.387146
994.387177
994.387177
994.387207
994.387238
994.387238
994.387268
994.387299
994.38733
994.38733
========
/media/0/Android/data/com.ss.android.ugc.trill/cache/picture/fresco_cache/v2.ols100.1/54/kWvMb6dEhzCPPaP2qC_b8YnN9PY.cnt
2290.323029
2290.325898
========
/media/0/Android/data/com.ss.android.ugc.trill/cache/picture/fresco_cache/v2.ols100.1/8/3jAILBD5GISXgtjYF4eFLhdms28.cnt
2290.596955
2290.597687
========
/media/0/Android/data/com.ss.android.ugc.trill/cache/picture/fresco_cache/v2.ols100.1/76/ytiteAUSNMFJEuoPCcjwTc7T6BE.cnt
2290.415894
2290.418946
========
/media/0/Android/data/com.ss.android.ugc.trill/cache/picture/fresco_cache/v2.ols100.1/90/8qkNLA_o_JiHjzNMaDtqed9bsLY.cnt
2290.158509
2290.160126
========
/media/0/Android/data/com.ss.android.ugc.trill/cache/picture/fresco_cache/v2.ols100.1/20/zymLcjBwUJtmY5g79HO45gX-p0o.cnt
2290.139313
2290.144654
========
/media/0/Android/data/com.ss.android.ugc.trill/cache/picture/fresco_cache/v2.ols100.1/63/x2077r-RBjG-f-vxpWpOuR3jk_k.cnt
2290.425538
2290.427735
========
/media/0/Android/data/com.ss.android.ugc.trill/cache/picture/fresco_cache/v2.ols100.1/12/fDMl5Q48SzFcJXZ8dNLtJe15lqs.cnt
2290.148835
2290.150788
========
/media/0/Android/data/com.ss.android.ugc.trill/cache/picture/fresco_cache/v2.ols100.1/92/4pSp_Gktb1YfOFXI6l6jHIBpqZ4.cnt
1456.075379
1456.082215
========
