/data/com.twitter.android/cache/CachedTwitterColorEmojiCompat.ttf7
144.22937
144.231293
144.234711
144.238556
146.822754
146.827759
208.253815
271.09906
271.106293
273.984344
273.98819
298.280853
557.182251
557.194519
571.315369
943.273773
970.466156
996.616974
1000.987152
1041.013153
1160.034485
1162.782928
2510.876038
2510.87616
2510.87616
2510.882629
2510.88269
2510.882721
2510.882751
2510.882751
2510.882782
2510.882812
2650.151092
2650.151154
3123.96814
3123.968262
3123.968292
3123.968292
3123.968323
3398.306213
3398.306335
3398.306366
3399.742889
3399.742981
3399.742981
3470.562256
3470.562347
3470.562378
3687.763214
3687.763275
3687.763306
3687.763306
3687.763336
3687.766846
3687.766907
3687.766937
3687.766937
3687.76947
3687.769531
3687.769562
3687.769562
3763.749512
3770.512878
3770.51297
3770.51297
3770.513
3770.513031
3770.514801
3770.514831
3770.514862
3770.514862
3770.514893
3770.51593
3770.515961
3770.515961
3773.24353
3773.243622
3773.243652
3773.243683
3778.319611
3778.319702
3778.319733
3778.321899
3778.32196
3778.32196
3778.321991
3778.321991
3778.3237
3778.32373
3778.327454
3778.327515
3778.327545
3778.327545
4106.536652
4106.536713
4106.536743
4106.536743
4144.708618
4144.70874
4145.801269
4145.801331
4161.716492
4161.716553
4161.716583
4161.716614
4161.716614
4204.146332
4359.959595
4467.153778
4486.048431
4486.048492
4741.643219
4755.831116
4780.8768
4780.876862
5050.358307
5050.358398
5050.358429
5050.358459
5050.35849
5050.35852
5081.653595
5103.986145
5159.30542
5159.305511
5159.305511
5159.305542
5159.306702
5159.306732
5159.306763
5159.306793
5159.31308
5212.058502
5212.058563
5237.164307
5246.115234
5246.115326
5257.174866
5257.174988
5257.175018
5369.803009
5372.669281
5372.669403
5441.887909
5441.888031
5441.888061
5443.314789
5483.840485
5500.023651
5500.037659
5681.10553
5681.105591
5681.105591
5740.480896
5740.480988
5754.205353
5909.383606
5947.921844
5947.921936
5947.921967
5947.921967
6005.804993
6005.805084
6005.805115
6005.805145
6005.805176
6005.805176
6747.298828
6747.298889
6747.29892
6772.01654
6772.016602
6772.016632
6772.016632
6790.077362
6790.077423
7037.774322
7037.774383
7037.774414
7164.774322
7164.774445
7164.774445
========
/media/0/Android/data/com.twitter.android/cache/image_cache/v2.ols100.1/44/VcoSsVojwcs5u6M7ucCuMrIt3DU.cnt
4943.557617
4943.56253
4943.563141
4943.563293
4943.563965
4943.565063
4943.565918
4943.566681
========
/media/0/Android/data/com.twitter.android/cache/image_cache/v2.ols100.1/29/J13aM27Do8AkQPxv7uC1XekehQ8.cnt
4943.56897
4943.579773
4943.580902
4943.58136
4943.583923
4943.584534
4943.586853
========
/media/0/Android/data/com.twitter.android/cache/image_cache/v2.ols100.1/30/UBbIQm8VCD_bCYpBsl6h8AlsciI.cnt
368.528809
368.530395
368.53064
4647.236755
4647.241699
4647.241882
========
/media/0/Android/data/com.twitter.android/cache/image_cache/v2.ols100.1/93/wc5oaZWfBltuFaW5GZc1ou-zHLw.cnt
2577.163238
2577.164459
2577.166046
2577.16626
2577.167236
4986.059936
========
/data/com.twitter.android/cache/precache/8/192.0.1583455788023.v3.exo
493.186462
493.192963
493.193115
493.194153
493.194702
========
/media/0/Android/data/com.twitter.android/cache/image_cache/v2.ols100.1/38/9cGNJK6p5WD_FpR6BxJoyCNXDKs.cnt
4943.587799
4943.593231
4943.602417
4943.602631
4943.604492
========
/data/com.twitter.android/cache/video_cache/3/495.0.1583576701138.v3.exo
252.297638
252.300873
252.301056
252.301941
========
/media/0/Android/data/com.twitter.android/cache/image_cache/v2.ols100.1/35/5OXOEFTlxOEs-cG8xYUWW__IN1Q.cnt
6075.280914
6075.286285
6075.28656
========
/media/0/Android/data/com.twitter.android/cache/image_cache/v2.ols100.1/3/6iCqZxgntype5RqMRojCpP9DLO0.cnt
5836.817261
5836.822967
5836.825165
========
