/data/com.google.android.youtube/cache/1571257279724.tmp
239.825805
========
/data/com.google.android.youtube/cache/-1312634859.cache
4612.858123
4612.858154
4612.858184
4612.858184
4612.858215
4612.858215
4612.858245
4612.858245
4612.858276
4612.858276
4612.858306
========
/data/com.google.android.youtube/cache/227530930.cache
265.010437
265.012939
========
/data/com.google.android.youtube/cache/-1329539094.cache
7192.702789
7192.702819
7192.70285
7192.70285
7192.70288
7192.70288
7192.702911
7192.702911
7192.702941
7192.702941
========
/data/com.google.android.youtube/cache/2022271440.cache
7192.702972
7192.702972
7192.703033
7192.703033
7192.703063
7192.703063
7192.703094
7192.703094
7192.703094
========
/data/com.google.android.youtube/cache/-709113275.cache
4672.851501
4672.851562
4672.851562
4672.851593
4672.851593
4672.851623
4672.851623
4672.851654
4672.851654
========
/data/com.google.android.youtube/cache/-2041874096.cache
3352.982177
3352.982208
3352.982238
3352.982238
3352.982269
3352.982269
3352.982299
3352.982299
3352.98233
========
/data/com.google.android.youtube/cache/-1619817124.cache
4792.838958
4792.838989
4792.839019
4792.839019
4792.83905
4792.83905
4792.83908
4792.83908
4792.839111
========
/data/com.google.android.youtube/cache/81217285.cache
4012.912384
4012.912445
4012.912445
4012.912475
4012.912506
4012.912506
4012.912536
4012.912536
========
/data/com.google.android.youtube/cache/570864512.cache
7192.703125
7192.703155
7192.703155
7192.703186
7192.703216
7192.703216
7192.703247
7192.703247
========
